ghost-0-4-away:-216.766754354
food-group-0-6-away:-50.2008821179
food-group-0-7-away:-49.9260998935
closest-capsule-12-away:-16.0938673207
food-group-2-8-away:42.5370925377
closest-capsule-2-away:10.3598002014
scared-ghost-1-away:169.92992393
food-group-1-7-away:-8.5116910026
food-group-2-2-away:12.8325460117
food-group-1-6-away:-4.47895639292
food-group-0-13-away:-108.942291053
scared-ghost-5-away:182.01419074
ghost-1-1-away:-70.3069137519
food-group-1-14-away:-79.341921066
food-group-0-12-away:-116.042776638
food-group-2-7-away:21.9811807173
closest-capsule-13-away:-17.1712358606
food-group-0-4-away:-39.2216905022
scared-ghost-9-away:86.4727557484
closest-capsule-11-away:-19.485596905
scared-ghost-8-away:80.5756704835
food-group-0-8-away:-52.3354455527
food-group-1-4-away:-6.18791646751
closest-capsule-6-away:-6.01288734033
food-group-2-6-away:14.0898014369
scared-ghost-11-away:100.168853902
closest-capsule-15-away:-15.1865338457
closest-capsule-14-away:-15.1865338457
food-group-1-5-away:1.37164410423
food-group-2-9-away:31.0639551436
ghost-1-4-away:-194.614092016
food group 0 size:115.869987118
closest-capsule-7-away:-6.75097466126
eating:318.921211194
ghost-0-3-away:-261.634669759
ghost-0-2-away:-147.338842409
food-group-0-9-away:-46.1067751704
food-group-2-3-away:23.5174165848
food-group-2-5-away:24.8163672576
ghost-1-5-away:-177.917884574
scared-ghost-12-away:131.175727278
scared-ghost-7-away:100.589217248
food-group-1-13-away:-86.8404043018
food-group-1-12-away:1.65763592914
food-group-1-3-away:0.984141832099
food-group-1-2-away:-1.07637657019
ghost-1-3-away:-226.238291909
ghost-0-6-away:-190.65441876
food-group-0-2-away:-33.4227703513
closest-capsule-8-away:-25.7977327523
closest-capsule-9-away:-20.3694472036
food-group-0-3-away:-39.6222723911
food-group-1-8-away:-9.43065404319
food-group-2-10-away:16.9109709871
food-group-0-10-away:-47.9340929457
food group 2 size:23.3536325239
scared-ghost-4-away:223.876202351
closest-capsule-4-away:-7.8045572
ghost-0-5-away:-206.919853647
food-group-1-9-away:-22.565840333
food group 1 size:6.87858652721
food-group-1-11-away:-43.4598717811
food-group-1-1-away:2.32411668289
ghost-0-1-away:-147.338842409
food-group-1-10-away:4.08387997578
closest-capsule-1-away:23.7795200933
food-group-2-15-away:-64.551226639
scared-ghost-3-away:297.191807961
food-group-0-1-away:-33.1575414203
closest-capsule-5-away:-6.38546337377
bias:386.376651288
closest-capsule-10-away:-10.408287542
scared-ghost-10-away:65.4571387896
food-group-0-14-away:67.4554400945
food-group-0-15-away:67.4554400945
food-group-1-15-away:-79.341921066
closest-capsule-3-away:-1.05498002045
food-group-0-5-away:-48.7560771085
food-group-2-1-away:14.7828065055
scared-ghost-6-away:124.824965007
food-group-2-13-away:-64.7536215224
food-group-2-14-away:-64.551226639
scared-ghost-2-away:169.92992393
food-group-2-4-away:15.2700585274
ghost-1-2-away:-70.3069137519
food-group-2-11-away:-20.5361172029
food-group-0-11-away:-70.6242093168
food-group-2-12-away:-27.2762215886
ghost-1-6-away:-179.981555469
