ghost-0-4-away:-199.16602336
food-group-0-6-away:-36.5808352567
food-group-0-7-away:-35.993526504
closest-capsule-12-away:-3.6251811014
food-group-2-8-away:12.1428690845
closest-capsule-2-away:25.9053243687
scared-ghost-1-away:165.817661426
food-group-1-7-away:9.77752141473
food-group-2-2-away:11.124579811
food-group-1-6-away:-12.1327588482
food-group-0-13-away:-104.681466211
scared-ghost-5-away:184.528965056
ghost-1-1-away:-64.6672108359
food-group-1-14-away:-62.0183652627
food-group-0-12-away:-88.1889555472
food-group-2-7-away:22.5868408355
closest-capsule-13-away:-6.82346012116
closest-capsule-15-away:3.34495787038
scared-ghost-9-away:85.5089549953
closest-capsule-11-away:-12.8196390566
scared-ghost-8-away:105.612329822
food-group-0-8-away:-47.8235973662
food-group-1-4-away:-12.5302944153
closest-capsule-6-away:-8.61942008415
food-group-2-6-away:13.1106686482
scared-ghost-11-away:89.3932418844
food-group-0-4-away:-32.6298431726
closest-capsule-14-away:3.34495787038
food-group-1-5-away:-5.62944304356
food-group-2-9-away:17.1876955782
ghost-1-4-away:-193.48173315
food group 0 size:122.589551974
closest-capsule-7-away:-22.7922100764
eating:298.249212317
ghost-0-3-away:-206.353180567
ghost-0-2-away:-86.8682915534
food-group-0-9-away:-49.7885538785
food-group-2-3-away:9.28648213966
food-group-2-5-away:22.9867614643
ghost-1-5-away:-171.382055812
scared-ghost-12-away:98.9208633328
scared-ghost-7-away:119.979560134
food-group-1-13-away:-77.1328627474
food-group-1-12-away:-6.64517043921
food-group-1-3-away:-10.254384363
food-group-1-2-away:-6.70338631147
ghost-1-3-away:-217.462632627
ghost-0-6-away:-159.128376322
food-group-0-2-away:-31.7155881407
closest-capsule-8-away:-19.9029915209
closest-capsule-9-away:-24.7688483499
food-group-0-3-away:-30.3843809843
food-group-1-8-away:8.40846289392
food-group-2-10-away:39.6581540071
food-group-0-10-away:-53.2640525775
food group 2 size:0.180626755882
scared-ghost-4-away:216.28975157
closest-capsule-4-away:3.42786350866
ghost-0-5-away:-173.032816015
food-group-1-9-away:10.6366619454
food group 1 size:7.96311024696
food-group-1-11-away:-16.1038180519
food-group-1-1-away:-12.4930608559
ghost-0-1-away:-86.8682915534
food-group-1-10-away:4.98072096351
closest-capsule-1-away:37.7811538587
food-group-2-15-away:-61.0839348066
scared-ghost-3-away:306.772832503
food-group-0-1-away:-26.7305222468
closest-capsule-5-away:-3.28850615618
bias:328.546452854
closest-capsule-10-away:-12.5943023129
scared-ghost-10-away:73.6247785728
food-group-0-14-away:30.2972405365
food-group-0-15-away:30.2972405365
food-group-1-15-away:-62.0183652627
closest-capsule-3-away:13.3541037253
food-group-0-5-away:-37.8074205096
food-group-2-1-away:6.92584929058
scared-ghost-6-away:142.18766824
ghost-1-6-away:-165.578027909
food-group-2-14-away:-61.0839348066
scared-ghost-2-away:165.817661426
food-group-2-4-away:16.3100430317
ghost-1-2-away:-64.6672108359
food-group-2-11-away:-15.0766873224
food-group-0-11-away:-59.7526317336
food-group-2-12-away:-32.4330275302
food-group-2-13-away:-61.0839348066
