food group 1 dist:-1.02279474874
food group 1 size:18.6887672432
ghost-2:-101.940987208
ghost-3:-100.703053741
ghost-1:-19.6726635505
food group 0 dist:-5.52020107008
bias:155.405860479
ghost-5:-95.1781619527
food group 0 size:76.4517320548
ghost-7:-77.1315463378
ghost-6:-77.7965495143
ghost-8:-85.4504155726
food group 2 size:-4.39254117911
food group 2 dist:-0.435345334424
ghost-4:-98.3406285418
