ghost 0 scared:80.0021989809
food group 2 size:-11.4925633252
food group 1 dist:-0.829643962704
capsule1:1.47150728359
capsule0:0.200175612913
scared-ghost-7:36.3632182844
scared-ghost-3:38.659606411
scared-ghost-5:30.0347075479
food group 1 size:-11.5556906198
ghost-3:-107.168987445
scared-ghost-2:57.0112965492
ghost-1:-19.7256299693
food group 0 dist:-4.98748620354
bias:184.706513307
ghost-5:-82.4334573042
food group 0 size:80.3689278026
ghost-7:-70.396506573
ghost-2:-108.415033227
food group 2 dist:-0.384297287444
ghost 1 scared:90.0273276715
