food group 1 dist:-0.287350946886
capsule1:0.770909020918
capsule0:1.57388032941
scared-ghost-7:111.375439451
ghost-2:-109.738575302
scared-ghost-5:108.280880882
food group 1 size:0.899283143254
ghost-3:-109.099020148
scared-ghost-2:115.679856741
ghost-1:-19.8591559454
food group 0 dist:-3.52932984023
bias:246.856532893
ghost-5:-101.151186089
food group 0 size:119.055201041
ghost-7:-72.444391418
scared-ghost-3:112.228441158
food group 2 size:13.6181202933
food group 2 dist:-0.4135670052
